32,1,265.18,99.03,45.57,80.49,1,-1,-1,-1
33,1,255.14,97.07,48.60,85.87,1,-1,-1,-1
34,1,248.04,98.47,48.38,85.57,1,-1,-1,-1
35,1,241.76,97.32,50.64,89.57,1,-1,-1,-1
729,2,436.36,347.20,30.27,53.35,1,-1,-1,-1
730,2,438.50,343.47,28.41,50.09,1,-1,-1,-1
731,2,438.70,339.41,27.60,48.67,1,-1,-1,-1
732,2,437.11,341.83,28.51,50.35,1,-1,-1,-1
733,2,436.58,339.89,28.72,50.74,1,-1,-1,-1
741,4,440.88,311.35,23.29,42.38,1,-1,-1,-1
742,4,441.95,312.87,21.69,39.46,1,-1,-1,-1
744,4,442.45,299.63,24.02,43.62,1,-1,-1,-1
745,4,443.14,297.33,23.70,43.04,1,-1,-1,-1
750,4,446.27,261.12,26.30,47.66,1,-1,-1,-1
751,4,446.93,256.14,26.44,47.90,1,-1,-1,-1
757,8,440.23,226.17,55.68,99.66,1,-1,-1,-1
758,8,441.08,220.43,56.57,101.25,1,-1,-1,-1
759,8,442.03,216.49,56.87,101.78,1,-1,-1,-1
760,8,443.72,212.43,56.97,101.97,1,-1,-1,-1
761,8,444.96,209.07,57.01,102.03,1,-1,-1,-1
762,8,446.15,204.57,58.19,104.11,1,-1,-1,-1
763,8,447.20,201.03,58.63,104.86,1,-1,-1,-1
764,8,449.45,197.86,57.65,103.10,1,-1,-1,-1
765,8,452.16,195.49,56.11,100.39,1,-1,-1,-1
766,8,453.21,191.39,56.68,101.41,1,-1,-1,-1
767,8,455.46,188.66,55.74,99.79,1,-1,-1,-1
768,8,458.42,188.47,51.68,92.47,1,-1,-1,-1
769,8,460.14,185.55,51.04,91.33,1,-1,-1,-1
770,8,461.05,178.91,54.33,97.28,1,-1,-1,-1
771,8,462.67,175.52,54.19,97.03,1,-1,-1,-1
772,8,464.75,171.24,55.00,98.53,1,-1,-1,-1
773,8,466.15,167.25,56.31,100.85,1,-1,-1,-1
774,8,467.79,163.71,56.42,101.06,1,-1,-1,-1
777,8,472.99,152.13,56.93,101.96,1,-1,-1,-1
778,8,474.65,148.50,57.06,102.20,1,-1,-1,-1
790,8,502.95,120.67,45.03,80.52,1,-1,-1,-1
791,8,505.14,118.02,44.30,79.23,1,-1,-1,-1
794,8,515.50,114.62,37.73,67.64,1,-1,-1,-1
795,8,518.11,112.49,36.52,65.47,1,-1,-1,-1
1596,14,517.17,122.24,28.30,50.34,1,-1,-1,-1
1597,14,515.30,119.79,31.22,55.54,1,-1,-1,-1
1598,14,514.70,120.35,32.20,57.29,1,-1,-1,-1
1599,14,514.55,119.25,32.48,57.79,1,-1,-1,-1
1600,14,513.65,118.59,33.54,59.68,1,-1,-1,-1
1607,14,511.78,132.06,27.67,49.23,1,-1,-1,-1
1608,14,509.36,132.98,29.73,52.97,1,-1,-1,-1
1609,14,507.53,131.27,31.32,55.79,1,-1,-1,-1
1610,14,506.70,134.54,29.62,52.89,1,-1,-1,-1
1611,14,505.30,130.37,33.91,60.51,1,-1,-1,-1
1612,14,503.53,130.21,35.41,63.17,1,-1,-1,-1
1613,14,502.84,131.41,36.00,64.20,1,-1,-1,-1
1614,14,501.78,131.23,37.23,66.49,1,-1,-1,-1
1615,14,502.31,133.09,35.23,62.84,1,-1,-1,-1
1616,14,501.43,133.46,35.76,63.80,1,-1,-1,-1
1618,14,498.91,135.71,37.38,66.79,1,-1,-1,-1
1619,14,500.60,140.09,32.75,58.58,1,-1,-1,-1
1620,14,500.10,140.99,33.38,59.61,1,-1,-1,-1
1621,14,500.41,143.29,31.32,55.98,1,-1,-1,-1
1622,14,497.97,142.07,34.36,61.37,1,-1,-1,-1
1623,14,498.93,144.23,31.77,56.80,1,-1,-1,-1
1624,14,496.88,145.73,33.01,58.94,1,-1,-1,-1
1625,14,497.85,148.22,30.07,53.79,1,-1,-1,-1
1626,14,497.13,148.44,31.24,55.86,1,-1,-1,-1
1627,14,496.88,148.51,31.65,56.57,1,-1,-1,-1
1628,14,494.92,147.17,32.95,58.83,1,-1,-1,-1
1629,14,494.18,147.29,33.47,59.68,1,-1,-1,-1
1630,14,492.54,147.31,35.12,62.61,1,-1,-1,-1
1631,14,491.74,146.66,36.77,65.65,1,-1,-1,-1
1632,14,491.02,147.67,36.36,64.89,1,-1,-1,-1
1633,14,489.45,147.40,39.47,70.43,1,-1,-1,-1
1634,14,488.70,151.73,38.44,68.68,1,-1,-1,-1
1635,14,488.55,152.17,39.08,69.85,1,-1,-1,-1
1636,14,486.75,149.73,41.53,74.16,1,-1,-1,-1
1637,14,485.98,151.97,41.38,73.87,1,-1,-1,-1
1638,14,486.19,154.79,39.05,69.80,1,-1,-1,-1
1639,14,486.33,155.87,38.08,68.14,1,-1,-1,-1
1640,14,485.76,157.56,37.68,67.51,1,-1,-1,-1
1641,14,485.83,162.14,35.01,62.63,1,-1,-1,-1
1642,14,484.36,159.06,37.75,67.56,1,-1,-1,-1
1643,14,482.08,157.36,40.92,73.15,1,-1,-1,-1
1644,14,482.31,158.59,39.97,71.48,1,-1,-1,-1
1645,14,482.37,162.35,38.41,68.76,1,-1,-1,-1
1646,14,481.87,161.75,38.92,69.69,1,-1,-1,-1
1647,14,481.05,162.17,39.10,70.03,1,-1,-1,-1
1648,14,480.10,162.30,39.15,70.14,1,-1,-1,-1
1649,14,480.53,166.93,36.99,66.22,1,-1,-1,-1
1650,14,478.60,166.66,38.38,68.73,1,-1,-1,-1
1651,14,477.93,165.89,38.88,69.63,1,-1,-1,-1
1652,14,478.27,168.84,37.92,68.00,1,-1,-1,-1
1653,14,477.30,170.60,36.48,65.36,1,-1,-1,-1
1654,14,476.29,172.56,35.96,64.37,1,-1,-1,-1
1655,14,475.27,173.24,35.78,64.01,1,-1,-1,-1
1656,14,474.05,174.79,36.79,65.90,1,-1,-1,-1
1657,14,472.31,176.64,37.15,66.60,1,-1,-1,-1
1658,14,471.69,177.30,37.26,66.87,1,-1,-1,-1
1659,14,471.50,178.82,37.29,66.97,1,-1,-1,-1
1660,14,471.00,180.67,36.24,65.03,1,-1,-1,-1
1661,14,469.98,181.32,36.91,66.29,1,-1,-1,-1
1662,14,468.50,180.21,39.40,70.71,1,-1,-1,-1
1663,14,467.31,180.41,40.35,72.36,1,-1,-1,-1
1664,14,467.43,180.45,39.62,71.04,1,-1,-1,-1
1665,14,467.43,181.74,38.18,68.52,1,-1,-1,-1
1666,14,466.24,182.86,38.75,69.55,1,-1,-1,-1
1667,14,465.72,185.22,37.82,67.95,1,-1,-1,-1
1668,14,464.34,185.42,38.59,69.32,1,-1,-1,-1
1669,14,465.31,188.09,35.28,63.26,1,-1,-1,-1
1670,14,464.38,190.44,33.99,60.87,1,-1,-1,-1
1671,14,461.84,189.19,37.32,66.84,1,-1,-1,-1
1672,14,460.87,190.70,37.36,66.98,1,-1,-1,-1
1673,14,460.73,192.56,36.32,65.06,1,-1,-1,-1
1674,14,460.72,193.22,35.93,64.32,1,-1,-1,-1
1675,14,459.40,194.10,35.80,64.04,1,-1,-1,-1
1676,14,458.08,195.05,36.82,65.94,1,-1,-1,-1
1677,14,457.81,196.03,36.14,64.69,1,-1,-1,-1
1678,14,457.71,198.35,33.29,59.54,1,-1,-1,-1
1679,14,454.22,196.42,37.16,66.50,1,-1,-1,-1
1680,14,453.03,197.08,38.46,68.84,1,-1,-1,-1
1681,14,451.96,197.95,38.97,69.76,1,-1,-1,-1
1682,14,450.94,198.91,39.15,70.10,1,-1,-1,-1
1683,14,449.84,201.86,38.07,68.26,1,-1,-1,-1
1684,14,449.01,204.28,36.58,65.53,1,-1,-1,-1
1685,14,446.72,203.81,39.39,70.52,1,-1,-1,-1
1686,14,445.81,204.28,39.30,70.37,1,-1,-1,-1
1687,14,444.86,205.07,39.24,70.28,1,-1,-1,-1
1688,14,444.45,206.65,38.07,68.26,1,-1,-1,-1
1689,14,444.36,207.88,37.60,67.47,1,-1,-1,-1
1690,14,443.90,208.96,36.35,65.18,1,-1,-1,-1
1691,14,443.76,209.99,35.90,64.32,1,-1,-1,-1
1692,14,442.20,211.01,36.81,66.01,1,-1,-1,-1
1693,14,443.14,215.30,33.51,60.06,1,-1,-1,-1
1694,14,443.58,215.53,32.23,57.72,1,-1,-1,-1
1695,14,443.55,218.98,29.45,52.83,1,-1,-1,-1
1696,14,443.80,220.86,27.35,49.02,1,-1,-1,-1
1697,14,441.68,221.43,29.00,52.00,1,-1,-1,-1
1698,14,440.31,222.29,29.54,52.98,1,-1,-1,-1
1699,14,439.25,222.54,30.91,55.41,1,-1,-1,-1
1700,14,438.78,223.92,30.31,54.36,1,-1,-1,-1
1701,14,436.83,223.71,32.38,57.98,1,-1,-1,-1
1702,14,435.47,223.63,33.16,59.30,1,-1,-1,-1
1703,14,434.87,225.50,32.37,57.86,1,-1,-1,-1
1704,14,434.51,226.84,29.77,53.31,1,-1,-1,-1
1705,14,432.58,227.29,31.11,55.67,1,-1,-1,-1
1706,14,430.62,226.79,34.15,61.09,1,-1,-1,-1
1707,14,428.62,227.22,35.31,63.12,1,-1,-1,-1
1708,14,427.92,228.65,34.36,61.34,1,-1,-1,-1
1709,14,427.04,231.15,33.98,60.59,1,-1,-1,-1
1710,14,424.69,231.39,35.30,62.94,1,-1,-1,-1
1711,14,423.00,232.12,36.82,65.75,1,-1,-1,-1
1712,14,421.76,233.01,37.37,66.82,1,-1,-1,-1
1713,14,420.69,233.32,37.55,67.21,1,-1,-1,-1
1714,14,419.12,233.41,38.69,69.28,1,-1,-1,-1
1715,14,418.47,234.71,38.00,68.11,1,-1,-1,-1
1716,14,419.13,235.84,36.65,65.65,1,-1,-1,-1
1717,14,418.77,236.24,36.14,64.67,1,-1,-1,-1
1718,14,419.97,239.67,33.35,59.66,1,-1,-1,-1
1719,14,419.21,240.93,33.46,59.78,1,-1,-1,-1
1720,14,418.28,242.68,33.53,59.83,1,-1,-1,-1
1721,14,416.62,243.29,33.58,59.86,1,-1,-1,-1
1722,14,417.17,246.14,31.32,55.88,1,-1,-1,-1
1723,14,416.17,247.83,31.64,56.44,1,-1,-1,-1
1724,14,416.40,248.40,30.60,54.64,1,-1,-1,-1
1725,14,415.28,249.22,31.38,56.02,1,-1,-1,-1
1726,14,414.70,252.14,29.38,52.55,1,-1,-1,-1
1727,14,412.68,251.81,30.96,55.34,1,-1,-1,-1
1728,14,411.32,252.35,31.51,56.32,1,-1,-1,-1
1729,14,409.61,252.50,32.88,58.68,1,-1,-1,-1
1730,14,408.32,253.83,33.41,59.58,1,-1,-1,-1
1731,14,408.33,254.96,31.38,56.00,1,-1,-1,-1
1732,14,407.15,256.00,31.73,56.61,1,-1,-1,-1
1733,14,404.13,255.70,34.46,61.46,1,-1,-1,-1
1734,14,401.73,256.86,35.47,63.24,1,-1,-1,-1
1735,14,400.00,257.28,36.89,65.88,1,-1,-1,-1
1736,14,398.73,258.06,37.40,66.88,1,-1,-1,-1
1737,14,397.66,259.62,37.56,67.24,1,-1,-1,-1
1738,14,396.09,260.19,38.70,69.30,1,-1,-1,-1
1739,14,394.89,260.39,39.12,70.06,1,-1,-1,-1
1740,14,393.73,262.37,38.14,68.39,1,-1,-1,-1
1741,14,392.79,262.45,38.85,69.66,1,-1,-1,-1
1742,14,392.57,264.41,36.96,66.22,1,-1,-1,-1
1743,14,391.88,265.79,36.21,64.83,1,-1,-1,-1
1744,14,392.39,268.27,34.48,61.64,1,-1,-1,-1
1745,14,390.34,268.47,36.41,65.18,1,-1,-1,-1
1746,14,389.88,270.49,34.61,61.86,1,-1,-1,-1
1747,14,388.35,270.54,35.39,63.23,1,-1,-1,-1
1748,14,387.88,273.18,34.23,61.09,1,-1,-1,-1
1749,14,387.65,276.15,32.65,58.25,1,-1,-1,-1
1750,14,385.60,275.15,34.75,61.97,1,-1,-1,-1
1751,14,384.95,276.75,34.05,60.67,1,-1,-1,-1
1752,14,385.32,279.98,32.64,58.16,1,-1,-1,-1
1753,14,383.58,279.78,33.29,59.25,1,-1,-1,-1
1754,14,382.30,281.00,33.54,59.66,1,-1,-1,-1
1755,14,381.85,282.08,33.66,59.82,1,-1,-1,-1
1756,14,380.11,281.77,36.24,64.52,1,-1,-1,-1
1757,14,379.67,284.86,33.60,59.83,1,-1,-1,-1
1758,14,378.25,284.69,35.16,62.60,1,-1,-1,-1
1759,14,377.17,286.58,34.28,60.97,1,-1,-1,-1
1760,14,376.13,288.58,33.94,60.32,1,-1,-1,-1
1761,14,375.11,289.29,33.83,60.08,1,-1,-1,-1
1762,14,374.09,290.17,33.80,60.00,1,-1,-1,-1
1763,14,372.35,291.11,35.27,62.62,1,-1,-1,-1
1764,14,370.88,292.09,36.85,65.54,1,-1,-1,-1
1765,14,369.91,293.08,36.39,64.73,1,-1,-1,-1
1766,14,368.93,294.72,36.20,64.38,1,-1,-1,-1
1767,14,367.95,295.96,36.12,64.23,1,-1,-1,-1
1768,14,367.68,297.70,34.62,61.53,1,-1,-1,-1
1769,14,366.22,297.64,35.54,63.16,1,-1,-1,-1
1770,14,365.71,298.91,35.87,63.76,1,-1,-1,-1
1771,14,363.48,298.69,38.18,67.92,1,-1,-1,-1
1772,14,364.13,301.81,35.47,63.05,1,-1,-1,-1
1773,14,362.86,300.98,36.91,65.73,1,-1,-1,-1
1774,14,361.97,302.63,36.35,64.72,1,-1,-1,-1
1775,14,362.32,307.86,33.52,59.68,1,-1,-1,-1
1776,14,361.83,310.47,32.43,57.74,1,-1,-1,-1
1777,14,359.75,311.35,33.22,59.09,1,-1,-1,-1
1778,14,358.34,312.30,33.52,59.59,1,-1,-1,-1
1779,14,357.85,313.26,33.66,59.79,1,-1,-1,-1
1780,14,354.86,312.23,37.40,66.50,1,-1,-1,-1
1781,14,353.89,314.40,36.63,65.14,1,-1,-1,-1
1782,14,352.71,315.21,37.34,66.51,1,-1,-1,-1
1783,14,351.67,316.79,37.56,67.01,1,-1,-1,-1
1784,14,349.46,316.70,38.73,69.14,1,-1,-1,-1
1785,14,349.22,318.57,38.04,68.00,1,-1,-1,-1
1786,14,347.31,319.91,38.86,69.48,1,-1,-1,-1
1787,14,347.85,321.69,38.03,68.08,1,-1,-1,-1
1788,14,347.66,324.30,36.62,65.52,1,-1,-1,-1
1789,14,346.10,325.23,37.15,66.54,1,-1,-1,-1
1790,14,345.75,327.51,36.28,64.93,1,-1,-1,-1
1791,14,344.33,328.98,35.95,64.31,1,-1,-1,-1
1792,14,343.17,330.14,35.84,64.08,1,-1,-1,-1
1793,14,342.10,330.52,35.82,63.99,1,-1,-1,-1
1794,14,341.08,331.27,35.82,63.97,1,-1,-1,-1
1795,14,340.05,332.51,35.77,63.88,1,-1,-1,-1
1796,14,342.83,337.07,31.41,56.13,1,-1,-1,-1
1797,14,343.43,338.90,30.39,54.35,1,-1,-1,-1
1798,14,342.96,340.53,29.81,53.33,1,-1,-1,-1
1921,15,477.09,100.56,31.71,57.05,1,-1,-1,-1
1922,15,476.39,100.86,32.02,57.60,1,-1,-1,-1
1924,15,464.27,101.96,41.53,74.64,1,-1,-1,-1
1925,15,456.81,98.92,49.95,89.72,1,-1,-1,-1
1926,15,454.85,103.79,48.87,87.79,1,-1,-1,-1
1927,15,453.21,105.36,50.27,90.26,1,-1,-1,-1
1928,15,451.83,109.78,48.60,87.28,1,-1,-1,-1
1929,15,451.65,112.19,46.74,83.88,1,-1,-1,-1
1930,15,449.54,114.40,46.98,84.35,1,-1,-1,-1
1931,15,447.62,114.55,48.13,86.40,1,-1,-1,-1
1932,15,445.12,116.51,49.64,89.04,1,-1,-1,-1
1933,15,443.40,121.10,47.98,86.12,1,-1,-1,-1
1934,15,441.08,122.87,49.48,88.74,1,-1,-1,-1
1935,15,437.50,123.50,53.59,96.15,1,-1,-1,-1
1936,15,437.42,129.40,49.50,88.84,1,-1,-1,-1
1937,15,435.23,131.09,51.06,91.53,1,-1,-1,-1
1938,15,433.71,135.58,50.54,90.54,1,-1,-1,-1
1939,15,429.96,137.24,52.88,94.66,1,-1,-1,-1
1940,15,428.65,141.69,52.34,93.60,1,-1,-1,-1
1941,15,425.46,140.73,55.71,99.63,1,-1,-1,-1
1942,15,424.39,143.54,54.85,98.03,1,-1,-1,-1
1943,15,422.02,146.52,56.61,101.20,1,-1,-1,-1
1944,15,421.91,152.11,52.59,93.97,1,-1,-1,-1
1945,15,420.77,154.87,52.07,92.95,1,-1,-1,-1
1946,15,419.64,159.12,50.75,90.57,1,-1,-1,-1
1947,15,417.39,162.61,51.39,91.64,1,-1,-1,-1
1948,15,415.94,164.48,51.65,92.03,1,-1,-1,-1
1949,15,415.28,169.70,49.47,88.20,1,-1,-1,-1
1950,15,411.10,169.54,54.65,97.46,1,-1,-1,-1
1951,15,410.42,173.33,52.94,94.35,1,-1,-1,-1
1952,15,408.12,174.04,55.88,99.62,1,-1,-1,-1
1953,15,405.93,178.78,55.82,99.61,1,-1,-1,-1
1954,15,403.95,179.88,56.88,101.52,1,-1,-1,-1
1955,15,403.17,183.46,56.13,100.26,1,-1,-1,-1
1956,15,401.18,184.73,58.05,103.67,1,-1,-1,-1
1957,15,400.29,189.69,56.54,101.03,1,-1,-1,-1
1958,15,398.16,192.16,57.03,101.92,1,-1,-1,-1
1959,15,396.86,196.93,55.03,98.30,1,-1,-1,-1
1960,15,396.52,201.97,52.78,94.20,1,-1,-1,-1
1961,15,394.17,204.38,54.51,97.37,1,-1,-1,-1
1962,15,392.24,207.82,54.07,96.54,1,-1,-1,-1
1963,15,390.72,210.99,54.96,98.20,1,-1,-1,-1
1964,15,388.42,211.41,57.53,102.76,1,-1,-1,-1
1965,15,386.85,214.74,57.39,102.53,1,-1,-1,-1
1966,15,385.58,218.53,56.18,100.43,1,-1,-1,-1
1967,15,384.52,221.84,55.68,99.60,1,-1,-1,-1
1968,15,382.87,224.95,55.47,99.28,1,-1,-1,-1
1969,15,381.85,228.65,54.32,97.17,1,-1,-1,-1
1970,15,380.19,232.59,53.90,96.36,1,-1,-1,-1
1971,15,379.03,237.26,52.30,93.40,1,-1,-1,-1
1972,15,376.57,240.88,53.21,94.99,1,-1,-1,-1
1973,15,374.85,242.77,54.61,97.56,1,-1,-1,-1
1974,15,373.15,247.31,54.08,96.57,1,-1,-1,-1
1974,24,496.84,239.09,34.34,61.80,1,-1,-1,-1
1975,15,372.63,252.22,52.42,93.53,1,-1,-1,-1
1975,24,495.36,236.38,38.10,68.55,1,-1,-1,-1
1976,15,369.74,252.57,56.68,101.09,1,-1,-1,-1
1976,24,495.41,234.09,38.28,68.89,1,-1,-1,-1
1977,15,368.53,255.91,55.98,99.94,1,-1,-1,-1
1977,24,494.36,232.67,40.46,72.78,1,-1,-1,-1
1978,15,366.90,259.10,56.18,100.30,1,-1,-1,-1
1978,24,495.20,231.55,40.11,72.13,1,-1,-1,-1
1979,24,496.25,230.57,39.85,71.66,1,-1,-1,-1
1979,25,375.69,137.42,35.88,65.30,1,-1,-1,-1
1980,15,364.62,265.08,55.58,99.32,1,-1,-1,-1
1980,24,497.90,230.94,38.55,69.35,1,-1,-1,-1
1980,25,374.93,138.04,37.13,67.57,1,-1,-1,-1
1981,15,363.10,269.44,54.38,97.11,1,-1,-1,-1
1981,24,494.76,224.46,46.23,83.12,1,-1,-1,-1
1981,25,374.03,138.40,37.46,68.15,1,-1,-1,-1
1982,15,361.93,272.91,53.98,96.35,1,-1,-1,-1
1982,24,497.31,225.22,43.51,78.16,1,-1,-1,-1
1982,25,373.96,139.98,36.38,66.11,1,-1,-1,-1
1983,15,360.21,276.73,53.85,96.07,1,-1,-1,-1
1983,24,501.19,226.43,37.37,67.03,1,-1,-1,-1
1983,25,374.04,143.36,34.42,62.43,1,-1,-1,-1
1984,15,358.76,280.03,54.86,97.97,1,-1,-1,-1
1984,24,503.40,226.37,34.86,62.44,1,-1,-1,-1
1984,25,373.34,142.53,35.20,63.76,1,-1,-1,-1
1985,15,357.05,282.47,56.35,100.65,1,-1,-1,-1
1985,24,504.14,226.40,34.01,60.85,1,-1,-1,-1
1985,25,372.43,142.90,35.49,64.21,1,-1,-1,-1
1986,15,355.15,285.25,56.90,101.66,1,-1,-1,-1
1986,24,504.29,224.41,35.24,63.01,1,-1,-1,-1
1986,25,371.33,141.03,37.81,68.36,1,-1,-1,-1
1987,15,355.96,292.09,53.50,95.48,1,-1,-1,-1
1987,24,504.14,222.39,36.74,65.77,1,-1,-1,-1
1987,25,370.84,142.93,37.56,67.92,1,-1,-1,-1
1988,15,355.01,296.57,52.18,93.05,1,-1,-1,-1
1988,24,505.64,221.67,34.80,62.22,1,-1,-1,-1
1988,25,369.56,143.03,39.67,71.64,1,-1,-1,-1
1989,15,353.36,300.75,51.73,92.18,1,-1,-1,-1
1989,24,505.52,222.16,34.03,60.77,1,-1,-1,-1
1989,25,369.64,144.36,39.37,71.07,1,-1,-1,-1
1990,15,352.12,304.16,51.60,91.88,1,-1,-1,-1
1990,24,504.70,220.36,35.25,62.93,1,-1,-1,-1
1990,25,369.61,146.19,38.11,68.80,1,-1,-1,-1
1991,15,352.10,308.62,48.12,85.79,1,-1,-1,-1
1991,24,505.01,219.21,35.38,63.15,1,-1,-1,-1
1991,25,369.82,147.54,36.53,65.88,1,-1,-1,-1
1992,15,350.82,312.13,46.78,83.51,1,-1,-1,-1
1992,24,505.90,216.46,35.79,63.86,1,-1,-1,-1
1992,25,369.92,149.37,35.95,64.74,1,-1,-1,-1
1993,15,351.28,319.36,42.56,75.94,1,-1,-1,-1
1993,24,506.80,215.04,35.91,64.05,1,-1,-1,-1
1993,25,370.59,153.37,33.15,59.63,1,-1,-1,-1
1994,15,350.83,325.27,37.53,66.94,1,-1,-1,-1
1994,24,504.48,211.92,41.89,74.69,1,-1,-1,-1
1994,25,368.84,152.08,34.78,62.50,1,-1,-1,-1
1995,15,351.54,329.92,34.28,61.08,1,-1,-1,-1
1995,24,507.37,212.01,38.48,68.58,1,-1,-1,-1
1995,25,368.04,152.30,36.40,65.47,1,-1,-1,-1
1996,15,353.04,334.11,30.83,54.99,1,-1,-1,-1
1996,24,509.28,211.54,36.91,65.77,1,-1,-1,-1
1996,25,369.78,158.22,32.31,58.12,1,-1,-1,-1
1997,15,353.48,338.88,28.54,51.01,1,-1,-1,-1
1997,24,510.63,211.42,36.32,64.71,1,-1,-1,-1
1997,25,368.59,156.40,34.52,62.03,1,-1,-1,-1
1998,15,352.19,343.10,27.89,49.93,1,-1,-1,-1
1998,24,512.51,212.08,34.63,61.65,1,-1,-1,-1
1998,25,367.99,155.80,36.32,65.29,1,-1,-1,-1
1999,15,351.82,347.54,25.97,46.50,1,-1,-1,-1
1999,24,513.85,211.71,34.01,60.48,1,-1,-1,-1
1999,25,367.13,156.19,36.99,66.55,1,-1,-1,-1
2000,24,514.98,210.94,33.80,60.07,1,-1,-1,-1
2000,25,366.26,155.66,38.35,68.97,1,-1,-1,-1
2001,24,515.35,210.02,33.74,59.92,1,-1,-1,-1
2001,25,364.83,156.08,41.08,73.77,1,-1,-1,-1
2002,24,515.38,207.71,35.22,62.55,1,-1,-1,-1
2002,25,366.09,158.78,37.88,67.96,1,-1,-1,-1
2003,24,516.66,208.19,33.18,58.95,1,-1,-1,-1
2003,25,365.67,159.54,38.14,68.43,1,-1,-1,-1
2004,24,516.46,205.07,35.04,62.25,1,-1,-1,-1
2005,24,516.19,203.32,36.73,65.38,1,-1,-1,-1
2005,25,366.02,163.54,34.33,61.48,1,-1,-1,-1
2006,24,517.57,202.04,36.32,64.64,1,-1,-1,-1
2006,25,366.07,164.15,33.75,60.35,1,-1,-1,-1
2007,24,520.61,201.60,32.41,57.74,1,-1,-1,-1
2007,25,365.81,165.11,33.54,59.97,1,-1,-1,-1
2008,24,521.85,201.52,32.05,57.09,1,-1,-1,-1
2009,24,519.57,198.82,37.97,67.64,1,-1,-1,-1
2009,25,364.35,167.00,33.55,59.89,1,-1,-1,-1
2010,24,519.96,196.60,38.95,69.45,1,-1,-1,-1
2010,25,363.35,166.61,35.10,62.62,1,-1,-1,-1
2011,24,521.55,197.67,35.78,63.73,1,-1,-1,-1
2011,25,363.01,167.14,35.63,63.54,1,-1,-1,-1
2012,24,522.08,197.53,35.95,64.02,1,-1,-1,-1
2012,25,362.04,167.31,36.87,65.86,1,-1,-1,-1
2013,24,522.91,196.84,36.01,64.12,1,-1,-1,-1
2013,25,361.06,168.00,37.30,66.74,1,-1,-1,-1
2014,24,523.93,195.30,34.58,61.51,1,-1,-1,-1
2014,25,360.71,168.90,37.44,67.06,1,-1,-1,-1
2015,24,524.86,195.43,32.87,58.48,1,-1,-1,-1
2015,25,360.61,170.52,37.46,67.17,1,-1,-1,-1
2016,24,525.85,194.85,32.24,57.36,1,-1,-1,-1
2016,25,361.50,172.43,34.97,62.60,1,-1,-1,-1
2017,24,525.60,192.65,33.18,58.99,1,-1,-1,-1
2017,25,361.87,173.11,34.01,60.81,1,-1,-1,-1
2018,24,523.99,189.89,37.20,66.21,1,-1,-1,-1
2018,25,361.06,173.33,36.24,64.87,1,-1,-1,-1
2019,24,521.41,185.07,43.27,77.10,1,-1,-1,-1
2019,25,359.58,172.11,38.13,68.27,1,-1,-1,-1
2020,24,521.21,184.41,44.66,79.56,1,-1,-1,-1
2020,25,359.76,175.47,36.73,65.72,1,-1,-1,-1
2021,24,522.90,186.75,41.61,74.18,1,-1,-1,-1
2021,25,361.16,179.44,33.55,60.01,1,-1,-1,-1
2022,24,525.03,185.18,38.09,67.89,1,-1,-1,-1
2022,25,361.71,181.57,32.35,57.83,1,-1,-1,-1
2023,24,527.24,185.33,35.24,62.75,1,-1,-1,-1
2023,25,361.32,181.61,33.11,59.11,1,-1,-1,-1
2024,24,529.29,185.44,33.03,58.82,1,-1,-1,-1
2024,25,361.18,182.76,32.90,58.75,1,-1,-1,-1
2025,24,530.68,184.84,32.24,57.42,1,-1,-1,-1
2025,25,361.03,185.56,32.10,57.29,1,-1,-1,-1
2026,24,530.56,183.98,33.15,58.98,1,-1,-1,-1
2026,25,360.89,189.03,30.72,54.87,1,-1,-1,-1
2027,24,530.49,182.36,33.50,59.55,1,-1,-1,-1
2027,25,360.27,189.52,31.41,56.09,1,-1,-1,-1
2028,24,530.36,179.79,35.12,62.44,1,-1,-1,-1
2028,25,358.07,185.67,34.28,61.19,1,-1,-1,-1
2029,24,531.67,180.17,34.29,60.91,1,-1,-1,-1
2029,25,359.64,192.60,30.59,54.71,1,-1,-1,-1
2030,24,527.31,173.06,43.66,77.62,1,-1,-1,-1
2030,25,359.42,194.08,30.29,54.19,1,-1,-1,-1
2031,24,527.80,173.55,43.55,77.39,1,-1,-1,-1
2031,25,357.60,192.72,32.88,58.72,1,-1,-1,-1
2032,24,528.65,172.65,43.42,77.12,1,-1,-1,-1
2032,25,354.55,189.33,39.33,70.16,1,-1,-1,-1
2033,24,530.19,172.36,42.22,75.01,1,-1,-1,-1
2033,25,357.49,199.23,32.92,58.86,1,-1,-1,-1
2034,24,532.00,171.00,40.58,72.15,1,-1,-1,-1
2034,25,355.52,195.41,36.04,64.51,1,-1,-1,-1
2035,24,532.69,171.20,39.90,71.01,1,-1,-1,-1
2035,25,357.42,199.96,31.30,56.14,1,-1,-1,-1
2036,24,535.03,170.66,37.42,66.60,1,-1,-1,-1
2036,25,355.55,196.26,35.41,63.57,1,-1,-1,-1
2037,24,533.20,165.79,42.53,75.69,1,-1,-1,-1
2037,25,355.18,196.99,34.35,61.56,1,-1,-1,-1
2038,24,533.21,165.35,44.31,78.83,1,-1,-1,-1
2038,25,355.62,197.90,32.77,58.69,1,-1,-1,-1
2039,24,533.20,163.96,45.00,80.07,1,-1,-1,-1
2039,25,356.38,200.90,31.01,55.56,1,-1,-1,-1
2040,24,537.68,167.99,36.90,65.65,1,-1,-1,-1
2040,25,356.00,202.64,30.35,54.41,1,-1,-1,-1
2041,24,539.50,169.13,33.45,59.52,1,-1,-1,-1
2041,25,355.88,204.59,30.11,54.00,1,-1,-1,-1
2042,24,539.48,168.13,33.52,59.60,1,-1,-1,-1
2042,25,353.29,199.89,33.81,60.58,1,-1,-1,-1
2043,24,538.02,165.77,35.07,62.35,1,-1,-1,-1
2043,25,351.62,196.94,37.25,66.75,1,-1,-1,-1
2044,24,538.42,164.82,34.94,62.12,1,-1,-1,-1
2044,25,351.51,198.27,37.52,67.31,1,-1,-1,-1
2045,24,538.96,164.76,35.74,63.55,1,-1,-1,-1
2045,25,349.76,197.52,39.80,71.35,1,-1,-1,-1
2046,24,539.38,163.91,35.72,63.51,1,-1,-1,-1
2046,25,350.37,199.14,37.50,67.16,1,-1,-1,-1
2047,25,351.29,202.44,33.92,60.73,1,-1,-1,-1
2048,24,536.72,160.33,41.73,74.14,1,-1,-1,-1
2048,25,350.41,202.99,33.72,60.28,1,-1,-1,-1
2049,24,536.27,157.81,44.06,78.30,1,-1,-1,-1
2049,25,348.59,201.18,37.34,66.78,1,-1,-1,-1
2050,24,537.35,158.77,42.44,75.42,1,-1,-1,-1
2050,25,347.30,201.16,38.64,69.13,1,-1,-1,-1
2051,24,537.45,157.78,43.00,76.42,1,-1,-1,-1
2051,25,348.02,203.72,38.03,68.11,1,-1,-1,-1
2052,25,347.13,202.75,38.86,69.62,1,-1,-1,-1
2053,25,347.56,204.32,37.02,66.27,1,-1,-1,-1
2054,25,347.09,205.59,36.28,64.91,1,-1,-1,-1
2055,25,347.66,208.04,34.55,61.73,1,-1,-1,-1
2056,25,346.27,207.58,36.47,65.24,1,-1,-1,-1
2057,25,345.98,210.02,36.10,64.54,1,-1,-1,-1
2058,25,344.47,208.96,38.14,68.22,1,-1,-1,-1
2059,25,344.47,211.14,37.77,67.63,1,-1,-1,-1
2060,25,343.30,210.65,38.72,69.34,1,-1,-1,-1
2061,25,343.62,213.70,36.92,66.07,1,-1,-1,-1
2062,25,343.01,213.53,38.41,68.76,1,-1,-1,-1
2063,25,342.14,214.10,38.94,69.73,1,-1,-1,-1
2064,25,341.27,214.30,40.25,72.04,1,-1,-1,-1
2065,25,340.95,214.35,40.76,72.91,1,-1,-1,-1
2066,25,339.56,212.39,43.50,77.78,1,-1,-1,-1
2067,25,340.21,214.19,40.94,73.23,1,-1,-1,-1
2068,25,337.98,213.57,43.60,77.93,1,-1,-1,-1
2069,25,339.08,218.47,38.82,69.36,1,-1,-1,-1
2070,25,340.35,222.51,35.31,63.00,1,-1,-1,-1
2071,25,339.25,220.45,37.89,67.65,1,-1,-1,-1
2072,25,338.23,223.04,38.74,69.20,1,-1,-1,-1
2073,25,337.86,222.70,39.06,69.80,1,-1,-1,-1
2074,25,337.17,221.87,40.30,71.99,1,-1,-1,-1
2075,25,336.18,222.83,39.65,70.86,1,-1,-1,-1
2076,25,335.26,223.84,40.51,72.38,1,-1,-1,-1
2077,25,335.49,224.85,39.71,70.97,1,-1,-1,-1
2078,25,335.52,226.53,38.23,68.42,1,-1,-1,-1
2079,25,335.76,227.80,36.59,65.44,1,-1,-1,-1
2080,25,335.93,230.25,34.51,61.64,1,-1,-1,-1
2081,25,335.25,230.42,35.29,63.00,1,-1,-1,-1
2082,25,334.81,231.13,36.63,65.49,1,-1,-1,-1
2083,25,334.68,232.02,37.11,66.43,1,-1,-1,-1
2084,25,333.43,231.67,38.41,68.77,1,-1,-1,-1
2085,25,333.72,234.11,36.75,65.75,1,-1,-1,-1
2086,25,333.92,236.36,34.62,61.87,1,-1,-1,-1
2087,25,334.00,238.51,33.86,60.43,1,-1,-1,-1
2088,25,333.28,239.24,35.11,62.64,1,-1,-1,-1
2089,25,333.10,242.12,34.12,60.80,1,-1,-1,-1
2090,25,331.42,241.82,36.31,64.81,1,-1,-1,-1
2091,25,330.38,242.35,36.04,64.31,1,-1,-1,-1
2092,25,331.38,247.11,34.49,61.46,1,-1,-1,-1
2093,25,331.03,247.53,35.40,63.07,1,-1,-1,-1
2094,25,330.91,246.99,35.73,63.65,1,-1,-1,-1
2095,25,328.32,244.10,40.32,71.78,1,-1,-1,-1
2096,25,327.82,244.93,39.85,70.99,1,-1,-1,-1
2097,25,327.66,246.53,39.60,70.60,1,-1,-1,-1
2098,25,328.38,251.04,37.31,66.49,1,-1,-1,-1
2098,31,484.12,187.21,36.55,65.02,1,-1,-1,-1
2099,25,327.97,252.22,37.39,66.65,1,-1,-1,-1
2099,31,486.54,194.79,31.13,55.42,1,-1,-1,-1
2100,31,486.20,197.73,31.61,56.28,1,-1,-1,-1
2101,25,327.90,254.93,36.17,64.46,1,-1,-1,-1
2101,31,486.38,199.97,31.04,55.25,1,-1,-1,-1
2102,25,327.57,256.14,36.12,64.36,1,-1,-1,-1
2103,25,327.08,257.87,35.96,64.05,1,-1,-1,-1
2104,25,326.15,256.32,38.18,68.06,1,-1,-1,-1
2105,25,326.40,257.09,37.79,67.49,1,-1,-1,-1
2105,31,482.08,191.76,38.84,69.20,1,-1,-1,-1
2106,25,325.96,256.69,38.75,69.23,1,-1,-1,-1
2106,31,481.58,191.69,39.63,70.61,1,-1,-1,-1
2107,25,324.60,256.51,40.22,71.83,1,-1,-1,-1
2108,25,324.64,257.72,39.66,70.87,1,-1,-1,-1
2109,25,324.69,257.50,39.41,70.46,1,-1,-1,-1
2110,25,325.55,262.00,35.68,63.71,1,-1,-1,-1
2111,25,325.14,263.01,35.75,63.79,1,-1,-1,-1
2112,25,325.00,264.02,35.78,63.83,1,-1,-1,-1
2113,25,323.52,263.69,38.01,67.85,1,-1,-1,-1
2114,25,322.43,264.84,39.94,71.28,1,-1,-1,-1
2115,25,323.13,267.85,38.46,68.73,1,-1,-1,-1
2116,25,324.37,271.64,35.31,63.03,1,-1,-1,-1
2116,31,480.96,210.21,34.28,60.97,1,-1,-1,-1
2117,25,325.45,275.06,32.95,58.80,1,-1,-1,-1
2117,31,480.74,211.38,34.21,60.85,1,-1,-1,-1
2118,25,325.83,276.91,32.12,57.31,1,-1,-1,-1
2119,25,325.97,278.86,31.85,56.81,1,-1,-1,-1
2119,31,480.13,212.19,33.81,60.07,1,-1,-1,-1
2120,25,325.43,279.51,32.94,58.70,1,-1,-1,-1
2120,31,479.90,213.19,33.71,59.89,1,-1,-1,-1
2121,25,325.05,283.01,31.07,55.42,1,-1,-1,-1
2122,25,324.41,281.53,32.71,58.28,1,-1,-1,-1
2123,25,324.75,284.29,32.17,57.32,1,-1,-1,-1
2124,25,323.57,282.60,34.60,61.64,1,-1,-1,-1
2125,25,322.31,281.98,36.51,65.15,1,-1,-1,-1
2126,25,322.03,283.63,36.21,64.59,1,-1,-1,-1
2127,25,321.27,284.89,36.08,64.34,1,-1,-1,-1
2128,25,320.24,283.36,38.21,68.17,1,-1,-1,-1
2128,31,478.82,221.98,30.39,54.13,1,-1,-1,-1
2129,25,320.42,285.34,37.87,67.66,1,-1,-1,-1
2129,31,479.45,224.45,28.93,51.74,1,-1,-1,-1
2130,25,321.44,288.70,35.22,62.85,1,-1,-1,-1
2130,31,476.92,219.03,34.60,61.99,1,-1,-1,-1
2131,25,321.17,290.63,34.19,60.94,1,-1,-1,-1
2131,31,475.00,215.38,38.63,69.15,1,-1,-1,-1
2132,25,324.16,296.65,30.35,54.21,1,-1,-1,-1
2132,31,473.67,212.61,41.39,73.96,1,-1,-1,-1
2133,25,324.62,298.83,28.88,51.69,1,-1,-1,-1
2133,31,473.02,212.28,42.35,75.68,1,-1,-1,-1
2134,25,321.62,296.06,31.94,57.08,1,-1,-1,-1
2135,25,319.77,291.89,36.58,65.41,1,-1,-1,-1
2136,25,318.53,289.64,39.44,70.49,1,-1,-1,-1
2136,31,473.52,217.02,40.03,71.57,1,-1,-1,-1
2137,25,317.40,289.33,40.60,72.54,1,-1,-1,-1
2137,31,473.06,217.13,40.59,72.59,1,-1,-1,-1
2138,25,316.33,289.83,41.05,73.32,1,-1,-1,-1
2139,25,317.12,292.59,40.10,71.65,1,-1,-1,-1
2140,25,317.47,294.32,39.68,70.93,1,-1,-1,-1
2141,25,318.44,298.23,35.89,64.08,1,-1,-1,-1
2141,31,472.91,227.93,36.49,65.18,1,-1,-1,-1
2142,25,318.09,299.72,35.90,64.06,1,-1,-1,-1
2142,31,473.47,226.07,37.16,66.52,1,-1,-1,-1
2143,25,318.70,303.55,34.44,61.39,1,-1,-1,-1
2143,31,473.24,226.74,37.27,66.71,1,-1,-1,-1
2144,25,320.78,307.65,31.57,56.33,1,-1,-1,-1
2145,25,320.87,309.29,31.11,55.51,1,-1,-1,-1
2145,31,474.72,233.11,32.72,58.52,1,-1,-1,-1
2146,25,320.20,308.57,31.70,56.55,1,-1,-1,-1
2146,31,476.22,239.88,29.48,52.87,1,-1,-1,-1
2147,25,321.35,311.34,30.59,54.62,1,-1,-1,-1
2147,31,476.69,243.36,28.47,51.15,1,-1,-1,-1
2148,25,323.23,315.68,27.94,49.87,1,-1,-1,-1
2148,31,475.47,247.24,28.12,50.62,1,-1,-1,-1
2149,25,322.31,317.17,28.11,50.28,1,-1,-1,-1
2149,31,475.24,249.89,26.94,48.42,1,-1,-1,-1
2150,25,321.52,317.64,30.49,54.50,1,-1,-1,-1
2150,31,475.19,252.34,26.16,47.01,1,-1,-1,-1
2151,25,321.14,317.14,30.22,54.06,1,-1,-1,-1
2152,25,319.75,318.18,31.26,55.91,1,-1,-1,-1
2153,25,319.59,319.52,31.22,55.83,1,-1,-1,-1
2156,31,470.27,248.59,31.44,56.43,1,-1,-1,-1
2157,31,469.90,250.34,30.66,55.04,1,-1,-1,-1
2158,31,468.41,245.83,34.98,62.88,1,-1,-1,-1
2159,31,467.25,245.44,36.54,65.75,1,-1,-1,-1
2160,31,466.80,245.26,37.16,66.90,1,-1,-1,-1
2161,31,466.20,245.48,37.71,67.90,1,-1,-1,-1
2162,31,465.94,243.67,38.74,69.73,1,-1,-1,-1
2163,31,465.36,243.74,39.33,70.79,1,-1,-1,-1
2176,31,465.78,267.37,30.46,54.82,1,-1,-1,-1
2177,31,464.44,269.75,31.41,56.43,1,-1,-1,-1
2178,31,464.18,271.25,31.19,56.03,1,-1,-1,-1
2179,31,465.48,278.63,28.81,51.88,1,-1,-1,-1
2180,31,465.46,281.03,28.26,50.89,1,-1,-1,-1
2181,31,464.25,280.58,29.61,53.31,1,-1,-1,-1
2182,31,464.05,282.56,29.35,52.84,1,-1,-1,-1
2186,31,462.22,281.67,31.48,56.57,1,-1,-1,-1
2187,31,461.91,282.73,31.54,56.68,1,-1,-1,-1
2188,31,461.90,283.17,30.38,54.61,1,-1,-1,-1
2189,31,461.87,284.06,30.12,54.16,1,-1,-1,-1
2190,31,461.29,283.68,31.19,56.00,1,-1,-1,-1
2191,31,459.79,280.91,34.16,61.26,1,-1,-1,-1
2192,31,459.37,281.35,34.52,61.91,1,-1,-1,-1
2193,31,460.58,284.99,32.56,58.34,1,-1,-1,-1
2194,31,463.39,294.11,29.75,53.40,1,-1,-1,-1
2195,31,459.12,284.94,37.21,66.75,1,-1,-1,-1
2196,31,457.72,282.66,39.66,71.08,1,-1,-1,-1
2197,31,457.19,282.76,40.54,72.66,1,-1,-1,-1
2201,31,457.51,289.21,38.10,68.39,1,-1,-1,-1
2202,31,457.16,289.76,38.55,69.18,1,-1,-1,-1
2217,31,457.00,313.73,32.04,57.41,1,-1,-1,-1
2218,31,456.94,315.15,31.75,56.89,1,-1,-1,-1
2225,31,455.14,321.11,35.63,63.71,1,-1,-1,-1
2226,31,454.88,322.06,36.82,66.01,1,-1,-1,-1
2227,31,454.69,323.12,37.15,66.60,1,-1,-1,-1
2441,36,34.99,-59.68,77.46,136.95,1,-1,-1,-1
2442,36,35.21,-52.52,71.90,127.12,1,-1,-1,-1
2443,36,36.10,-45.62,65.61,116.03,1,-1,-1,-1
2444,36,41.99,-36.98,55.11,97.52,1,-1,-1,-1
2444,37,89.63,-43.61,63.36,112.80,1,-1,-1,-1
2445,36,53.89,-25.55,40.17,71.08,1,-1,-1,-1
2445,37,90.38,-42.19,62.92,111.98,1,-1,-1,-1
2446,36,56.74,-24.04,38.86,68.76,1,-1,-1,-1
2446,37,89.88,-45.46,66.17,117.80,1,-1,-1,-1
2447,37,90.30,-45.20,66.06,117.66,1,-1,-1,-1
2448,37,90.50,-44.97,65.81,117.28,1,-1,-1,-1
2449,37,91.28,-44.79,65.58,116.92,1,-1,-1,-1
2449,38,142.44,4.46,48.64,86.50,1,-1,-1,-1
2450,37,93.13,-43.33,64.30,114.63,1,-1,-1,-1
2450,38,142.01,2.95,50.31,89.48,1,-1,-1,-1
2451,37,96.51,-36.67,57.72,102.86,1,-1,-1,-1
2451,38,141.28,1.10,51.96,92.40,1,-1,-1,-1
2452,37,101.05,-29.17,49.96,89.12,1,-1,-1,-1
2452,38,139.59,-0.86,53.99,96.01,1,-1,-1,-1
2452,39,175.44,-3.61,27.70,50.39,1,-1,-1,-1
2453,36,113.49,-11.03,32.16,56.95,1,-1,-1,-1
2453,37,102.25,-27.93,49.01,87.44,1,-1,-1,-1
2453,38,139.63,-0.86,54.67,97.21,1,-1,-1,-1
2453,39,169.34,-19.60,40.46,73.55,1,-1,-1,-1
2454,36,120.09,-9.27,31.10,55.08,1,-1,-1,-1
2454,38,139.69,-0.78,54.84,97.50,1,-1,-1,-1
2454,39,172.78,-11.51,34.47,62.66,1,-1,-1,-1
2455,38,141.61,2.63,51.07,90.84,1,-1,-1,-1
2455,39,172.32,-13.86,36.34,66.06,1,-1,-1,-1
2456,38,143.08,4.04,49.47,88.05,1,-1,-1,-1
2456,40,215.26,3.10,51.82,91.28,1,-1,-1,-1
2457,38,146.44,7.28,46.60,82.93,1,-1,-1,-1
2457,39,173.19,-29.28,47.80,86.77,1,-1,-1,-1
2457,40,217.50,0.70,54.62,96.23,1,-1,-1,-1
2458,37,156.94,20.21,32.46,57.90,1,-1,-1,-1
2458,38,146.94,7.42,46.69,83.10,1,-1,-1,-1
2458,39,179.86,-20.51,36.54,66.35,1,-1,-1,-1
2458,40,216.13,-7.98,63.41,111.82,1,-1,-1,-1
2459,37,160.56,21.97,30.24,54.00,1,-1,-1,-1
2459,39,178.94,-24.43,39.63,71.84,1,-1,-1,-1
2459,40,215.79,-13.87,68.96,121.66,1,-1,-1,-1
2460,37,166.49,27.04,28.05,50.08,1,-1,-1,-1
2460,39,177.41,-28.33,43.18,78.17,1,-1,-1,-1
2460,40,214.95,-18.62,74.49,131.55,1,-1,-1,-1
2461,39,177.52,-31.17,45.06,81.55,1,-1,-1,-1
2461,40,215.28,-20.42,76.57,135.36,1,-1,-1,-1
2462,40,214.98,-21.55,78.20,138.34,1,-1,-1,-1
2463,40,210.71,-32.44,86.44,152.94,1,-1,-1,-1
2464,40,210.08,-34.90,87.55,155.02,1,-1,-1,-1
2465,40,210.45,-32.54,86.61,153.49,1,-1,-1,-1
2466,40,213.41,-27.53,82.41,146.10,1,-1,-1,-1
2467,40,213.20,-28.52,84.07,149.18,1,-1,-1,-1
2468,40,212.69,-33.30,86.79,154.05,1,-1,-1,-1
2469,40,212.99,-31.89,85.53,151.95,1,-1,-1,-1
2470,40,211.87,-35.02,90.63,161.12,1,-1,-1,-1
2471,40,214.81,-27.94,83.28,148.07,1,-1,-1,-1
2471,42,253.00,53.00,34.00,60.00,1,-1,-1,-1
2472,40,215.26,-26.71,83.62,148.77,1,-1,-1,-1
2472,42,253.00,53.00,34.00,60.00,1,-1,-1,-1
2473,40,218.33,-24.27,81.18,144.38,1,-1,-1,-1
2473,42,253.00,53.00,34.00,60.00,1,-1,-1,-1
2474,40,223.50,-15.94,74.18,131.89,1,-1,-1,-1
2474,42,253.78,57.28,28.17,49.74,1,-1,-1,-1
2475,40,224.11,-16.21,74.87,133.11,1,-1,-1,-1
2475,42,252.36,47.13,27.11,47.88,1,-1,-1,-1
2476,38,250.24,20.91,44.99,80.05,1,-1,-1,-1
2476,42,252.18,45.64,25.87,45.69,1,-1,-1,-1
2477,38,255.55,21.61,44.91,79.91,1,-1,-1,-1
2477,42,256.19,38.05,26.79,47.34,1,-1,-1,-1
2478,42,256.80,35.43,25.95,45.86,1,-1,-1,-1
